nounlist1 = [
    [50, 36.6, 35.7, 38.3, 38.3, 2013, "Картопля"],
    [50, 40.0, 40.0, 40.0, 40.0, 2014, "Картопля"],
    [50, 40.0, 45.0, 45.0, 43.0, 2015, "Картопля"],
    [60, 30.8, 30.7, 3.3, 35.0, 2013, "Капуста"],
    [60, 35.0, 35.4, 36.0, 36.5, 2014, "Капуста"],
    [60, 36.5, 35.0, 35.0, 36.0, 2015, "Капуста"],
    [70, 50.8, 45.0, 49.2, 51.6, 2013, "Цибуля"],
    [70, 50.5, 52.0, 51.6, 52.2, 2014, "Цибуля"],
    [70, 52.2, 55.0, 54.3, 55.0, 2015, "Цибуля"],
    [80, 880.0, 933.3, 920.0, 983.3, 2013, "Мед"],
    [80, 990.0, 995.0, 1000.0, 1000.0, 2014, "Мед"],
    [80, 1000.0, 1005.0, 1005.0, 1005.0, 2015, "Мед"],
    [90, 265.0, 264.2, 288.2, 305.0, 2013, "Часник"],
    [90, 310.2, 310.2, 312.5, 313.4, 2014, "Часник"],
    [90, 313.4, 315.2, 316.5, 316.5, 2015, "Часник"],
    [100, 67.5, 72.8, 68.0, 86.6, 2013, "Яблука"],
    [100, 86.5, 86.5, 88.2, 88.2, 2014, "Яблука"],
    [100, 89.5, 90.5, 95.6, 95.6, 2015, "Яблука"],
]
